70 63 86
8 12 38
7 10 90
15 12 68
6 9 98
7 10 34
7 7 53
8 5 64
10 5 32
12 14 85
15 11 68
9 15 87
13 5 71
9 8 65
11 11 78
9 14 45
6 13 78
8 10 39
6 12 50
8 11 77
11 14 79
11 8 63
7 14 67
13 5 75
5 5 79
13 15 30
9 8 93
11 11 95
11 12 64
7 13 82
13 5 72
12 6 70
9 14 89
8 10 80
14 13 37
14 13 72
9 14 95
8 9 81
6 12 83
5 13 60
7 5 75
6 7 44
7 9 97
15 7 62
5 6 30
15 11 100
13 6 85
15 11 75
15 12 89
11 8 33
13 7 62
8 14 73
11 11 57
8 8 46
7 11 57
10 7 31
13 7 39
12 9 72
15 13 41
9 12 82
11 11 58
12 9 65
5 7 37
10 7 55
7 11 71
14 10 79
13 13 57
12 9 65
14 8 40
10 10 73
9 12 94
EOF
