100 91 78
19 30 76
32 28 63
33 34 38
19 22 43
31 20 73
12 29 56
5 35 72
20 35 88
28 28 65
8 7 70
35 35 75
24 8 73
15 21 96
35 5 48
25 23 95
10 10 51
24 10 77
26 13 36
8 15 40
14 7 79
6 31 98
17 8 58
31 10 46
24 32 97
33 15 37
16 17 95
30 31 69
26 7 88
25 24 59
19 13 83
26 33 58
16 11 97
21 28 81
13 29 66
17 35 57
21 20 56
24 18 36
34 35 94
31 30 62
14 20 71
18 20 36
6 20 74
32 35 70
27 32 50
20 24 61
23 14 91
28 7 68
6 33 42
6 9 44
25 20 59
28 9 81
29 17 78
34 9 46
14 18 77
30 22 87
22 33 54
17 10 77
13 15 100
32 8 36
25 8 78
20 31 70
29 17 35
9 18 38
21 31 69
10 26 30
16 34 67
9 34 69
28 11 57
30 10 59
18 10 88
11 11 74
27 17 63
24 27 52
23 24 36
19 14 74
18 19 85
33 15 79
19 19 32
13 25 53
29 31 60
23 25 51
11 15 61
31 23 69
16 10 37
20 29 91
16 5 84
16 28 99
25 16 66
13 13 44
15 11 46
5 35 76
17 32 53
32 29 58
24 33 51
14 34 86
14 9 97
24 17 53
29 15 50
22 15 36
12 13 70
EOF
