80 75 51
14 8 83
17 16 44
17 35 62
22 12 78
6 18 67
23 7 38
13 15 90
19 25 80
32 8 55
19 22 41
20 31 64
23 31 68
34 35 38
10 28 60
21 6 71
18 31 77
21 23 61
5 12 77
28 19 48
33 25 42
30 13 77
23 6 32
17 6 46
20 34 67
10 5 55
31 11 70
29 19 70
9 13 86
18 35 83
25 26 88
7 28 74
17 23 100
11 8 40
23 10 99
13 16 70
24 7 43
19 7 87
13 25 75
8 9 82
21 24 31
31 34 58
28 22 58
16 25 80
26 30 87
26 25 56
35 9 82
29 35 55
21 19 87
24 10 43
27 18 44
29 27 32
18 34 81
7 23 93
33 27 69
21 35 64
25 19 44
27 26 52
21 18 43
11 27 36
26 30 82
21 9 40
20 16 62
24 19 32
26 25 34
16 17 40
11 7 69
23 35 48
19 32 51
5 11 38
33 35 55
6 27 44
10 29 82
30 23 59
35 35 77
19 26 97
30 7 49
6 15 43
13 8 74
15 11 42
29 11 71
EOF
