90 54 54
18 31 50
21 9 95
19 11 57
25 32 76
13 9 89
21 16 99
24 18 99
31 27 96
29 26 32
28 32 97
15 28 80
19 31 95
10 9 54
20 22 72
9 25 72
13 34 100
27 8 100
6 30 46
19 30 82
34 30 92
11 20 86
5 35 46
17 17 71
35 26 92
17 10 39
15 16 75
32 15 35
34 6 32
24 22 53
26 9 88
22 26 40
14 9 69
19 28 54
9 33 61
32 27 59
30 34 38
19 27 80
24 33 63
14 33 90
29 10 97
19 7 80
11 26 53
24 27 50
6 32 65
6 27 30
31 16 39
27 12 52
35 35 83
20 11 71
20 30 73
25 19 53
19 34 35
25 29 80
21 19 39
18 22 86
29 28 59
34 28 44
16 17 78
5 13 55
34 29 94
33 14 77
9 14 33
7 22 45
8 21 80
23 24 86
34 23 60
25 14 54
18 35 99
24 34 78
31 33 98
16 33 82
7 7 53
19 19 64
18 12 68
16 29 88
32 35 46
22 25 87
28 33 36
30 25 55
25 30 77
14 16 80
18 10 66
29 25 44
35 33 41
21 18 60
22 19 56
5 15 74
17 30 55
10 12 80
13 35 71
EOF
