10
6003 3776 9794 3460 7339 5765 9359 5865 4776 9065
3226 3872 7489 3453 7322 5928 5103 4612 6823 7818
9834 3821 6936 9829 8623 9806 7900 9721 4646 4426
6660 6364 3047 8212 5312 3308 6089 3632 5778 7110
7736 6882 5071 7971 4094 8984 4002 9314 8695 5048
4827 8629 3336 5419 8036 6237 7364 6900 6982 8193
3254 8766 9223 3718 8587 4742 5538 8349 5664 3668
4964 6068 3711 5821 8824 3812 6235 7124 8145 7885
5403 3826 8567 3541 9249 9601 3622 5843 3334 7850
9422 6452 4406 6019 9824 8912 4629 7860 7313 8662
EOF
