1000
177
294
3963
3575
2651
1373
356
3180
4498
4350
4953
1588
3660
4565
3404
241
3009
1446
1257
3637
2403
2031
562
2079
1973
1894
269
325
1434
1043
664
3441
184
2222
3458
2692
551
908
2216
2942
404
2875
21
135
2816
1165
2012
90
4324
4361
1680
4225
2198
348
3175
3494
3207
2407
1593
1078
2717
2419
2999
3329
2691
3381
4192
4363
242
1580
163
2985
1286
1454
3426
1416
4258
1184
1349
2425
2576
2154
2796
510
1288
3341
543
2333
2513
2456
1584
3232
4751
2696
1217
4851
279
2795
161
2928
1822
463
2739
4948
915
3355
273
2080
786
2658
1049
3982
4149
322
4996
2808
1557
51
1667
860
48
4043
3871
1073
2948
2622
1821
754
3153
4497
2256
1457
390
1933
1877
477
3064
2863
1191
3451
4898
4907
420
4956
4069
2828
4328
1477
3392
4714
4979
378
3218
38
4715
4895
4390
3593
13
220
14
3802
2671
4841
4569
4945
3721
2390
4427
4601
4500
89
694
2023
4947
3090
3433
1422
673
175
360
3917
2161
4277
4999
3155
1473
4942
1312
4445
1319
4251
3641
1346
4786
3665
4383
4663
2623
1467
2779
1533
557
3899
2695
2767
4300
4254
2485
4699
1364
2010
4832
1440
2300
2614
722
560
4262
590
4713
3881
2958
964
4106
1724
4746
2421
176
2068
846
1983
3708
274
4733
1689
1149
2755
3268
1327
2226
615
4567
4302
2149
1499
3825
4965
4142
293
2964
4079
2454
4905
1606
4318
2146
4175
4524
1585
4664
194
516
1059
999
4364
4163
3878
1383
2790
1060
1536
1305
387
3116
2087
338
4290
4879
4433
2416
1146
1378
2789
2980
1712
4706
1276
497
3238
3693
2358
4321
3379
2129
2507
2683
3333
1869
28
113
208
1807
572
4513
3613
1532
1515
2028
4705
1037
2446
2940
4094
2770
1891
682
2151
2365
244
725
629
2722
2321
2968
1642
3929
3514
936
675
3517
2359
2060
1023
2771
3592
4299
635
265
315
259
34
747
2637
1239
2858
1300
2711
534
4134
247
618
523
3234
997
218
3170
563
4042
2109
2414
2255
2673
3052
2839
1122
4312
4541
1876
182
1849
3201
3525
4828
23
2837
2261
4283
504
3980
4097
2260
4313
1229
834
1021
697
920
4830
3290
1991
490
773
2474
916
4060
4850
744
1178
4648
3287
2901
1831
2298
2188
2575
668
3894
3292
143
3240
2892
907
3909
3467
160
286
1084
2690
4998
3414
3300
1706
3067
2103
3771
2355
156
623
100
4325
4261
2059
4160
2418
1896
1304
4650
3269
3056
3005
4762
1587
957
211
2447
3845
3830
4535
1174
2871
2057
3778
1636
2586
1112
1256
1398
2707
1662
4529
192
78
1431
838
3274
2244
1649
2386
1507
4672
3829
3677
3215
2022
4693
2432
4820
4857
456
1278
4794
1200
4496
896
2356
3781
1862
2596
3481
3102
414
2293
2929
4473
3007
1107
476
3452
319
3634
1153
1072
1733
2086
104
1761
3868
2551
2122
4526
2992
3913
4761
352
698
3852
248
2177
3255
407
4968
4104
4670
3763
2502
3343
2709
3002
650
546
1676
1214
2785
4279
3564
856
1959
1351
4026
4960
2492
4534
3756
1659
3101
2001
3568
3148
4651
995
1608
4612
418
3644
1494
3395
448
3104
4771
1490
699
422
2369
3907
2626
3809
2467
599
1381
2817
4823
2704
4114
3128
1100
3835
899
3670
4316
719
3098
4187
2342
2166
1798
1601
865
1069
1110
3607
4661
4153
1500
796
2618
471
1818
731
4138
311
2752
805
2754
2527
2157
3370
1407
555
2047
1707
2183
4248
2412
868
1547
684
2006
4793
655
556
2783
421
4
1855
3035
1026
1192
2572
3302
1442
1776
336
2495
3768
3026
2765
45
4224
4938
3925
2598
262
3250
3398
4202
4174
3080
1290
3508
1
4059
3486
3933
3254
1674
3244
2955
3711
4454
201
643
2155
600
1275
1011
4146
2599
4768
1661
4424
2208
260
1380
2604
299
3754
4684
983
1853
3410
171
1031
3728
3943
3178
1664
4252
3658
1754
4608
323
2408
3904
3076
1384
525
3429
372
2411
1382
2559
617
1603
3856
4876
3339
2620
1647
4655
1768
4971
251
3849
2032
667
4740
40
708
3374
2180
240
3289
1443
3792
898
3097
3075
2213
984
86
974
2458
904
4578
2742
103
3141
4435
1489
4518
762
1453
4588
1523
1203
3361
2142
4237
349
2011
541
1675
1904
3208
601
1865
2926
2368
147
829
3751
4047
364
3872
4744
1524
342
4561
3604
1848
1166
944
346
1181
1512
986
4931
2946
4000
3131
4459
1964
203
1138
2970
1632
234
1565
1537
1251
1602
1366
3541
1700
1726
3095
2239
1324
3692
1832
3183
255
4117
1516
3589
765
1611
4048
2257
4923
1254
686
2919
1260
4309
1514
3544
2881
2294
20
513
1347
3945
2763
4056
1280
2328
3030
687
4397
4587
3223
3859
4985
1136
4692
2803
4379
740
4910
4081
427
683
4209
2367
4016
344
3397
3645
95
4193
2274
2516
1481
461
3509
1906
1979
4271
4723
296
4366
1123
783
2439
4420
3857
4563
1703
2935
1285
648
2409
4439
2259
2786
2934
4812
278
4203
1385
1527
2242
2107
3612
3946
4688
619
844
11
1729
4933
1974
4031
1940
451
4840
1332
4441
1567
42
1843
2171
1755
4682
2464
1796
306
1452
2140
3552
270
632
4347
2096
438
2480
3454
2391
2932
633
3114
1898
4912
3285
3898
2945
2125
870
573
1687
483
671
2228
4131
4467
602
1574
4516
3717
4537
2227
3422
370
116
388
3158
3679
2413
2209
2915
539
4080
3562
4040
340
4293
2973
4482
1308
3491
948
361
4897
5000
625
4122
382
2084
3192
4298
4108
3866
56
4124
2733
2046
2982
2395
1583
1432
3935
195
2966
168
3210
1323
1201
644
1697
1981
582
589
4034
3805
3004
2160
4986
3062
EOF
