200
10015
10065
10105
10006
10173
10177
10067
10151
10196
10131
10125
10061
10096
10140
10080
10130
10147
10053
10138
10198
10088
10025
10064
10158
10016
10200
10057
10052
10107
10063
10117
10183
10170
10128
10085
10002
10121
10115
10071
10152
10175
10143
10189
10095
10167
10092
10083
10169
10194
10192
10072
10129
10101
10126
10111
10139
10047
10020
10094
10008
10055
10051
10148
10069
10193
10100
10070
10009
10141
10056
10168
10093
10036
10102
10166
10035
10150
10181
10024
10037
10097
10019
10031
10081
10011
10172
10076
10134
10023
10103
10133
10136
10165
10199
10026
10179
10074
10162
10118
10068
10060
10017
10182
10159
10153
10073
10079
10003
10188
10114
10032
10021
10089
10045
10034
10078
10066
10086
10001
10027
10160
10191
10030
10082
10110
10106
10176
10195
10005
10099
10043
10124
10007
10039
10171
10155
10108
10142
10154
10127
10040
10058
10000
10149
10062
10190
10029
10059
10174
10038
10122
10120
10022
10054
10010
10084
10156
10187
10116
10184
10164
10028
10048
10144
10185
10018
10145
10014
10180
10033
10119
10104
10123
10098
10157
10046
10041
10163
10132
10042
10186
10109
10050
10077
10197
10112
10087
10004
10044
10012
10113
10146
10090
10075
10049
10161
10013
10135
10091
10178
EOF
