1000
796
557
367
592
979
618
459
846
89
954
114
832
959
920
980
748
982
853
612
865
946
213
375
849
415
241
1002
597
447
420
54
339
411
517
117
725
481
750
466
154
743
269
856
549
991
331
788
302
96
141
534
371
253
566
762
836
611
38
499
925
24
71
573
494
304
931
746
786
457
562
68
670
684
813
902
915
696
431
835
910
219
32
617
917
492
579
259
422
760
926
414
655
866
679
485
112
208
854
752
477
377
319
320
727
953
740
771
76
270
928
791
336
409
134
495
961
531
39
812
966
958
469
386
772
451
705
83
99
922
101
686
222
919
276
535
976
794
10
710
203
412
150
929
652
433
699
51
695
340
105
488
192
376
310
255
950
977
753
790
428
530
440
798
715
116
425
665
913
624
596
765
410
885
74
211
419
648
799
80
434
288
568
584
839
29
305
427
834
602
328
598
6
479
604
989
408
593
851
625
291
861
758
797
894
257
165
260
523
444
194
138
162
528
487
429
106
580
558
983
576
289
516
366
518
470
860
273
732
5
109
712
803
868
199
668
149
144
707
818
88
533
20
755
520
471
808
575
805
450
547
536
629
639
262
136
72
23
41
987
777
878
346
242
620
960
717
293
662
404
139
544
827
616
943
774
379
498
975
784
275
119
884
829
819
934
87
36
905
892
551
719
263
77
565
781
132
359
899
118
644
91
167
236
229
814
363
636
936
779
714
243
855
42
315
467
373
896
382
858
804
933
967
763
800
571
403
521
135
778
525
153
825
969
903
152
362
258
360
86
281
921
234
34
94
563
998
512
697
964
127
845
912
513
911
396
195
681
143
583
657
475
1001
43
570
282
850
691
75
634
737
443
334
564
489
18
932
183
265
683
775
292
332
992
205
999
383
638
370
973
178
480
971
809
801
962
306
407
507
64
591
524
201
221
678
37
397
646
65
994
938
754
113
540
997
871
560
82
140
615
883
314
227
85
358
343
452
246
981
831
731
666
635
963
207
939
945
55
223
828
216
163
944
453
102
394
682
308
389
838
736
820
232
13
337
486
277
185
137
177
526
338
381
3
876
747
793
147
380
764
307
653
937
189
290
574
166
384
250
12
271
398
474
391
66
974
675
756
430
214
601
511
891
458
374
874
940
272
688
62
545
115
188
767
633
364
730
179
502
426
768
26
840
322
316
880
510
445
456
325
160
904
350
233
472
673
995
158
881
368
57
614
186
848
802
60
956
103
182
107
353
261
886
402
837
285
84
519
390
432
473
716
225
421
299
589
126
200
859
888
67
406
704
641
14
92
329
773
439
990
352
951
735
300
723
133
1
897
100
248
581
606
872
879
863
156
906
405
120
815
413
949
218
656
761
385
914
555
19
318
548
882
744
515
104
693
249
721
418
98
497
357
417
11
643
171
33
613
416
230
916
237
630
197
484
16
529
869
164
311
157
552
170
491
449
349
125
631
785
159
1000
204
372
21
301
649
504
709
877
131
702
952
749
664
298
130
698
713
550
841
335
663
455
726
608
437
621
90
294
49
733
478
599
17
25
476
333
45
527
514
468
369
496
672
482
577
387
446
659
174
251
582
295
326
355
968
671
148
56
202
741
238
909
400
687
354
351
198
988
782
97
506
842
632
267
955
356
947
628
81
193
978
252
509
151
729
924
287
245
822
142
889
172
209
240
660
751
508
852
728
190
541
399
864
810
58
321
587
941
22
870
378
770
680
766
711
706
256
122
50
787
893
59
986
463
567
280
957
4
722
78
2
395
438
435
948
175
347
718
984
738
970
610
348
63
542
898
312
79
345
145
27
900
823
278
546
323
537
867
875
128
780
61
266
9
572
423
279
303
993
8
690
776
361
923
703
769
108
454
605
124
155
436
121
462
342
274
538
792
650
28
811
757
522
996
816
212
401
708
231
392
176
830
30
69
826
239
264
645
585
843
181
44
647
654
685
46
254
47
169
1003
48
284
500
187
73
53
235
965
821
783
146
609
110
226
503
590
220
833
168
640
215
844
745
720
7
734
724
388
317
890
296
505
442
184
742
857
365
40
739
448
692
759
908
297
942
554
52
569
895
795
642
493
286
210
180
324
658
806
907
603
501
694
972
327
637
206
341
441
556
817
824
559
424
887
935
35
623
930
283
490
627
95
70
465
111
595
619
123
228
578
129
901
161
93
927
217
224
677
309
543
661
532
344
674
461
676
586
847
464
247
789
460
626
701
313
173
561
862
330
607
553
191
393
689
588
539
807
669
31
594
244
985
651
622
600
15
483
873
918
667
EOF
