300
12345857
12345875
12345942
12345842
12345690
12345836
12345751
12345704
12345722
12345959
12345835
12345865
12345809
12345853
12345800
12345777
12345699
12345769
12345882
12345948
12345848
12345730
12345786
12345724
12345760
12345953
12345776
12345799
12345844
12345765
12345847
12345795
12345900
12345936
12345728
12345977
12345861
12345789
12345829
12345687
12345970
12345833
12345961
12345712
12345878
12345700
12345737
12345681
12345851
12345949
12345941
12345763
12345803
12345740
12345884
12345683
12345824
12345935
12345705
12345872
12345962
12345818
12345757
12345684
12345912
12345874
12345846
12345974
12345876
12345808
12345868
12345945
12345913
12345805
12345787
12345897
12345688
12345783
12345715
12345781
12345843
12345827
12345924
12345928
12345849
12345701
12345940
12345689
12345804
12345680
12345693
12345768
12345930
12345742
12345708
12345745
12345798
12345820
12345885
12345770
12345702
12345758
12345727
12345755
12345939
12345890
12345721
12345881
12345946
12345938
12345707
12345762
12345958
12345718
12345896
12345729
12345837
12345920
12345706
12345906
12345717
12345816
12345775
12345694
12345904
12345863
12345934
12345785
12345779
12345931
12345802
12345952
12345720
12345709
12345697
12345744
12345893
12345826
12345925
12345880
12345960
12345811
12345917
12345850
12345870
12345714
12345778
12345747
12345739
12345698
12345695
12345903
12345927
12345692
12345810
12345735
12345976
12345894
12345678
12345895
12345971
12345691
12345738
12345852
12345916
12345790
12345725
12345733
12345825
12345732
12345968
12345834
12345792
12345741
12345819
12345686
12345736
12345822
12345748
12345910
12345817
12345951
12345710
12345922
12345867
12345933
12345685
12345957
12345807
12345898
12345856
12345859
12345877
12345950
12345923
12345954
12345838
12345966
12345828
12345905
12345752
12345771
12345855
12345767
12345743
12345860
12345831
12345773
12345794
12345888
12345956
12345915
12345823
12345716
12345964
12345873
12345907
12345750
12345830
12345901
12345899
12345886
12345746
12345871
12345734
12345869
12345918
12345796
12345711
12345911
12345814
12345967
12345784
12345973
12345731
12345891
12345788
12345921
12345813
12345943
12345909
12345845
12345764
12345883
12345806
12345972
12345753
12345944
12345801
12345782
12345908
12345756
12345759
12345969
12345696
12345793
12345937
12345719
12345879
12345862
12345963
12345812
12345947
12345815
12345889
12345839
12345754
12345723
12345866
12345703
12345780
12345932
12345797
12345955
12345975
12345914
12345766
12345965
12345761
12345682
12345840
12345821
12345832
12345919
12345774
12345854
12345713
12345902
12345679
12345858
12345887
12345749
12345864
12345929
12345726
12345791
12345892
12345841
12345926
12345772
EOF
