50 1000
1m22do
5gwq9e
f4rs4n
4vn934
3ug7d4
dm44xn
795zur
frppci
1jxsvn
da0kyb
8ow1tn
ahf6xe
932kd9
dk9kjh
tilpg
ci8i2b
7r08hj
2tpp5p
93v24o
1s87kl
3f31xi
2gy1ha
86ye4j
7uo1l0
9hg1jw
7asski
82483m
10x8s2
66orgf
ftd31n
epeazz
eft2cb
6clj49
92iqvm
5eiitr
ewq8ow
dlntpz
cmuovn
9cmbon
1l1m3n
ckyenf
d5clx
6cwc7i
c2uurx
2jlwtn
24tl2n
gdp22p
7j6zh5
60vyzm
f16l2s
10
5
14
11
7
14
5
4
8
7
15
13
14
12
18
14
19
8
15
7
4
4
9
11
2
16
20
20
9
16
3
15
14
10
17
5
3
2
17
11
10
12
8
15
11
7
16
7
12
3
7
9
19
16
6
16
17
3
7
10
18
10
2
13
9
4
12
12
15
19
2
14
3
13
4
15
17
3
5
15
16
4
4
4
20
8
9
12
10
2
17
7
3
8
7
16
16
10
13
19
4
12
6
17
14
17
15
5
20
7
14
2
10
15
4
14
8
16
5
2
3
16
17
13
9
11
5
11
18
18
16
11
18
7
18
13
12
2
18
16
16
15
17
13
9
12
16
19
17
7
9
10
6
11
8
16
5
2
15
8
14
5
20
4
10
11
6
9
5
18
10
11
6
7
10
18
15
18
8
17
15
12
4
12
7
4
12
2
3
2
15
9
7
13
4
13
6
19
19
20
19
3
10
5
9
12
4
2
15
11
10
9
12
9
17
3
15
12
11
9
4
8
5
20
15
8
13
15
2
15
6
7
16
17
15
8
8
15
18
16
13
20
3
17
14
6
10
2
5
14
9
14
11
5
18
12
8
11
9
5
15
18
12
5
5
18
6
19
16
8
7
15
8
7
9
10
5
17
15
13
14
19
6
19
8
13
18
9
8
11
8
12
5
3
8
19
13
19
8
2
17
6
5
6
15
17
11
6
10
4
9
4
12
9
9
12
4
13
2
12
15
7
19
9
16
8
16
7
15
8
19
14
15
15
3
9
2
19
17
11
12
12
18
19
20
3
14
2
18
15
2
7
2
9
10
19
18
8
19
20
10
10
3
18
6
9
9
5
3
14
13
18
12
6
19
17
10
19
2
19
19
18
19
2
13
3
6
2
5
20
9
12
19
15
17
10
4
4
16
19
16
18
17
11
8
13
8
8
15
8
2
6
3
15
19
5
8
6
11
9
20
16
20
5
9
17
14
15
2
13
7
11
19
3
17
7
17
13
2
17
2
5
9
3
2
9
14
17
8
4
3
8
7
19
9
14
15
18
8
14
10
13
3
15
14
13
6
8
18
11
3
12
17
5
2
18
7
12
4
16
8
11
7
10
14
2
20
19
3
4
16
19
9
13
6
11
14
14
12
16
16
6
13
19
7
17
6
13
7
13
16
6
8
3
3
13
11
3
15
19
10
2
15
13
9
6
13
2
10
11
15
12
16
14
11
3
3
12
17
10
12
12
3
10
18
19
14
14
18
10
3
8
17
10
7
3
2
6
6
7
12
17
5
6
11
19
8
12
18
15
14
8
9
8
2
3
11
17
3
7
18
11
6
14
18
4
8
9
6
15
11
10
11
2
6
14
14
5
7
20
3
16
4
18
17
3
5
3
2
15
16
2
2
19
20
18
4
9
13
3
13
8
5
4
8
10
13
8
20
2
2
9
9
16
10
13
16
6
19
10
6
9
13
12
8
12
3
19
6
5
6
19
6
15
2
13
5
3
13
15
3
17
18
13
5
6
17
20
10
3
11
3
7
10
7
8
18
17
10
3
5
14
18
8
5
6
19
7
10
18
4
5
20
10
8
13
16
13
7
2
10
12
20
4
4
12
5
9
17
19
19
5
15
9
11
4
7
12
4
7
19
10
15
13
17
15
11
3
16
9
19
19
14
8
6
5
7
15
14
16
12
15
13
15
3
20
13
14
2
17
12
11
7
13
15
20
19
3
13
13
6
3
6
20
3
11
9
12
12
13
5
7
12
2
9
10
19
11
20
7
6
2
15
4
15
20
10
16
20
6
2
14
14
11
19
4
15
18
7
15
5
4
15
8
3
4
14
2
19
4
16
19
17
18
9
10
5
13
20
18
20
16
2
13
13
18
18
19
9
13
9
19
12
9
20
18
7
14
16
17
3
7
3
13
18
15
9
17
3
2
19
8
9
9
2
16
15
12
5
16
9
12
14
5
12
10
17
13
15
11
5
5
6
15
19
10
4
7
11
20
20
8
5
15
9
11
7
20
17
10
2
13
4
12
12
14
4
17
16
14
18
14
13
15
8
15
8
10
19
9
19
7
10
18
16
15
11
10
14
6
5
3
9
10
15
7
18
8
12
13
6
19
10
5
10
16
3
17
20
5
13
7
6
14
19
7
11
17
11
15
9
12
4
19
18
2
14
17
3
20
20
10
12
20
8
7
17
11
3
10
11
7
15
11
12
6
12
11
2
8
14
8
12
5
8
18
5
8
11
10
17
3
19
18
4
13
16
11
9
14
EOF
