30 500
42yvsa
es39bo
9ftoon
7qpl3v
167yje
4rk4yk
6otkq
b9zkqp
52zdjz
ctqg0e
6kf0jq
87kls8
88jdvb
8xonox
dzbstv
2efjpy
9kmltm
5ovb4u
5q7mwq
nqz46
7xorem
2ivy2y
20o9rq
8qlmw9
3mtlte
6nijjm
3zuvw3
9outvg
4eaz8p
6udez
19
8
14
16
14
20
12
16
9
17
3
15
12
13
15
13
19
12
2
17
5
11
18
12
16
13
3
12
3
16
7
20
4
12
12
18
8
10
2
12
6
13
10
17
14
7
17
11
13
8
16
7
5
12
9
5
20
7
18
10
14
4
5
4
19
18
10
6
2
18
10
17
9
10
3
4
15
16
2
3
2
18
5
18
20
2
19
5
15
6
10
20
5
17
9
15
20
11
14
5
16
9
20
4
16
7
20
6
3
5
4
18
6
15
6
5
7
16
11
10
6
4
3
13
3
16
4
2
15
14
14
12
16
2
15
9
15
14
8
10
16
16
7
11
13
14
17
4
7
15
3
9
8
14
13
17
3
5
10
14
20
11
11
3
20
5
19
14
16
11
17
6
13
14
15
6
20
18
10
20
20
3
17
14
3
3
2
4
3
12
17
8
19
4
20
17
14
12
9
14
18
11
10
12
16
4
18
5
9
7
18
13
9
9
19
17
6
13
9
18
9
9
7
14
12
18
9
4
17
5
8
17
18
11
15
18
12
15
13
16
16
13
2
9
10
19
6
9
6
4
15
11
3
19
6
19
4
7
17
9
18
11
6
10
19
9
12
2
11
6
2
2
19
20
7
14
19
3
2
19
8
2
11
4
10
2
3
9
2
13
9
2
14
2
9
6
15
3
16
14
8
7
20
17
8
7
6
18
13
8
14
13
5
2
5
2
9
6
3
13
11
6
18
5
20
7
2
6
11
12
14
18
3
11
6
19
4
6
16
7
16
14
15
18
10
5
19
19
10
19
13
6
7
6
8
19
19
4
19
4
18
2
19
15
12
2
3
20
19
8
20
4
9
9
5
6
4
4
20
3
8
12
10
20
6
5
3
13
7
8
11
17
11
15
4
3
14
11
4
4
8
19
5
14
13
16
2
6
19
18
2
15
15
17
20
14
18
3
7
16
5
17
14
11
4
6
12
9
3
4
6
20
4
13
10
18
8
7
17
20
7
7
13
13
4
19
2
9
11
7
2
2
4
4
14
16
8
13
10
9
3
2
6
18
2
10
5
2
4
6
6
17
17
4
11
8
19
14
17
7
18
8
2
11
8
3
12
9
20
8
20
4
8
2
19
2
9
8
20
9
EOF
