60 2000
1ioygu
9kmmtu
9jcmn2
bjyj2x
4bl0tz
2bpzy8
8jcrr4
cyhtt8
bw75jg
ebjeuu
a6bxue
9tthvt
5apnv5
fvb0oc
e0t4xg
54zeyy
9omxk4
ctzqa0
apbqg5
32y4vv
dmtkjh
d8noss
8vqdk6
2tq15g
arzkwl
2ohzmm
88zqs9
aw5lzz
ivs36
5ejfqy
7fx4yh
apf0m0
a59fnl
2vuqh1
g60g0a
22a2hb
7regzu
9ruf35
7pwlml
408pux
nz2ta
45o1ug
dufo0u
26u8wp
c5xvnu
7ece4g
7jgzca
89btry
cetn6q
2x4trd
arr2o1
ct0aez
61ksce
2lnbjl
7a01hx
6ihcsq
b3i14x
3nq7g4
6ghe4h
1bkwaf
20
7
15
4
10
11
4
11
5
19
4
16
3
12
20
5
3
5
9
14
9
13
17
11
5
16
3
17
13
18
3
8
5
10
20
5
18
18
14
9
20
14
6
3
3
9
4
17
12
8
9
3
9
11
20
14
12
2
11
9
9
12
6
9
7
3
6
2
11
13
12
14
7
14
10
14
19
15
16
20
5
10
20
12
6
6
16
7
18
3
16
18
12
17
3
11
6
17
13
3
7
3
11
8
16
4
20
6
8
5
2
2
5
4
8
4
7
8
13
17
4
3
8
19
5
5
18
2
17
14
16
4
2
14
16
11
12
18
12
9
14
2
3
15
2
14
5
10
16
4
5
18
8
15
14
14
12
2
11
8
20
20
3
20
16
6
13
18
12
11
15
15
18
7
17
16
16
9
6
4
10
12
5
2
6
4
12
3
18
14
18
2
18
10
19
17
4
16
13
15
20
17
8
14
2
7
8
13
3
3
17
7
18
13
6
10
10
18
17
6
16
13
10
3
17
11
16
9
9
16
11
10
17
7
19
13
9
18
18
8
19
20
16
19
19
11
12
2
3
15
9
13
12
2
3
9
4
16
7
16
17
17
6
9
15
16
10
9
19
17
2
20
19
14
4
9
16
4
11
10
16
12
2
7
10
13
4
20
6
7
17
12
10
5
12
4
2
17
15
16
2
3
4
6
4
19
19
15
17
2
6
6
17
13
4
7
12
3
15
12
5
12
2
8
2
17
7
6
15
19
2
2
16
18
13
2
3
2
10
7
20
14
13
12
20
9
11
12
2
4
2
5
12
8
14
14
4
6
13
15
19
15
8
8
9
13
10
11
16
15
19
4
4
8
13
18
18
20
12
6
9
18
6
13
3
19
10
5
15
5
19
16
17
6
16
5
9
5
19
15
14
4
16
20
7
7
11
9
16
13
2
7
8
19
5
7
14
3
19
14
20
12
12
20
9
11
2
15
10
20
3
8
9
10
11
20
7
15
6
4
3
4
19
9
10
19
13
3
5
9
14
2
12
5
6
12
8
7
5
13
13
6
3
19
4
5
6
2
9
4
2
3
7
7
14
8
14
14
18
13
11
7
6
6
17
9
12
18
13
5
5
2
9
6
12
12
4
6
8
7
10
10
16
17
17
20
3
20
13
15
12
10
16
16
20
8
2
13
16
17
4
9
11
7
10
4
12
9
15
3
10
9
14
10
3
19
20
11
9
8
2
13
15
5
17
4
14
14
3
8
20
3
12
11
15
14
10
2
12
17
13
11
9
18
6
20
11
12
16
5
4
16
6
18
15
20
5
18
12
8
14
17
14
10
9
2
9
13
10
2
10
3
16
9
6
10
10
5
20
11
11
14
17
12
13
3
4
9
13
14
7
17
12
14
3
20
13
17
5
13
4
3
18
8
6
19
4
3
2
18
5
19
12
18
9
16
9
17
9
7
10
12
4
4
14
16
11
8
6
18
5
3
13
15
12
2
2
20
9
2
3
17
19
6
20
17
14
18
19
15
14
3
3
9
6
19
8
8
11
12
20
18
10
15
16
13
5
17
2
12
7
4
11
8
2
14
5
16
10
8
10
18
7
14
4
12
10
11
19
19
16
12
18
19
12
15
2
6
19
3
8
8
2
16
8
11
19
9
10
7
16
17
12
7
11
13
11
20
9
5
9
16
8
3
11
10
11
3
15
11
16
14
9
13
5
14
15
18
18
4
18
18
10
12
2
8
5
10
8
17
20
6
19
3
15
9
9
10
18
20
11
8
3
14
17
19
19
16
6
9
16
11
20
14
6
9
7
6
7
6
20
7
15
14
17
19
18
15
16
20
13
5
13
10
9
13
12
6
14
11
15
17
7
2
14
5
15
13
4
12
10
14
16
17
3
4
19
9
19
11
4
10
18
5
8
2
13
6
18
6
9
9
9
5
18
6
8
9
20
15
12
16
15
12
2
4
16
20
4
16
4
5
5
15
20
2
12
19
18
14
9
10
13
18
10
13
16
7
10
11
10
12
10
16
12
5
4
17
13
9
18
20
15
19
9
4
10
12
20
12
5
15
11
10
3
13
18
7
16
9
8
3
5
19
6
14
11
6
8
14
10
5
13
17
13
9
19
6
16
10
14
5
4
7
12
18
5
4
11
12
6
12
14
10
11
20
3
17
20
14
7
8
8
2
16
2
17
16
3
8
2
18
3
3
2
8
14
2
13
12
9
5
16
17
15
19
5
10
12
9
18
11
16
16
19
8
4
16
20
11
8
4
16
11
4
19
8
19
12
4
7
2
15
17
8
3
19
16
2
5
18
10
4
12
14
12
11
13
10
17
4
5
7
12
5
14
15
14
11
19
11
8
14
16
11
9
8
6
12
9
17
19
9
13
18
18
10
20
20
16
18
4
17
12
11
13
6
10
5
2
12
3
15
15
20
5
11
8
4
7
14
11
18
4
9
11
10
8
8
4
8
13
20
7
2
11
12
7
8
4
4
7
18
17
15
7
9
19
16
15
3
6
5
8
3
8
14
19
7
3
11
20
20
19
5
11
9
9
10
2
18
6
16
15
5
9
15
11
13
10
10
16
20
17
20
17
16
2
13
11
3
2
8
17
12
15
9
19
10
13
9
12
7
6
9
18
17
18
5
16
7
18
8
13
2
12
12
18
6
6
15
11
8
13
9
20
19
9
2
13
8
15
2
11
16
7
3
4
4
16
3
13
10
3
13
10
7
18
4
9
7
12
8
18
20
14
15
15
12
19
18
16
11
11
8
14
17
7
8
18
9
5
16
13
11
8
16
8
9
10
18
4
20
8
19
14
7
15
2
17
18
12
17
9
3
14
17
9
10
15
3
12
2
13
3
8
15
10
20
7
7
6
2
18
16
19
10
5
3
5
13
17
12
9
10
17
13
2
17
11
10
6
16
13
12
2
7
12
16
19
2
15
10
9
3
13
16
6
8
16
7
16
10
7
2
9
13
6
12
15
14
15
9
13
2
5
18
16
6
10
4
14
2
7
5
11
16
14
8
16
17
16
16
6
5
19
14
13
17
4
6
17
15
17
14
17
17
18
9
18
8
7
5
6
2
15
16
16
11
18
13
14
20
14
11
6
10
9
3
10
10
14
5
12
20
18
7
18
6
6
3
20
12
19
3
20
9
16
5
12
4
10
14
6
8
18
11
6
13
11
2
2
15
4
19
5
12
14
3
9
5
5
9
20
9
11
9
20
18
14
14
15
20
20
2
7
17
20
6
7
16
2
10
2
17
2
20
8
14
11
9
11
15
10
15
2
6
5
11
9
14
2
15
15
16
13
5
8
2
4
14
9
9
6
13
12
9
10
14
14
7
2
5
12
8
11
9
10
6
18
8
18
19
7
8
7
4
12
13
18
16
3
4
14
4
16
5
12
12
19
3
3
5
16
13
14
4
9
7
3
14
17
8
20
2
16
7
14
11
5
15
16
8
19
11
6
20
8
18
10
19
10
14
12
8
10
12
20
19
7
17
8
2
4
19
2
15
8
4
7
8
4
19
4
2
9
12
19
18
17
18
17
16
5
3
12
14
9
6
16
16
7
13
18
10
12
10
10
13
20
16
16
16
15
4
15
5
17
2
11
5
4
12
17
13
7
13
12
20
13
8
20
12
7
20
8
13
13
8
6
5
4
7
12
18
16
16
13
20
9
19
7
6
6
13
15
20
17
16
10
14
15
17
15
17
10
3
6
15
2
6
18
18
17
8
17
20
12
5
16
6
17
14
9
8
17
5
12
10
18
10
5
20
4
11
16
3
5
19
6
2
16
6
4
6
18
9
7
6
10
15
15
18
15
20
13
12
16
20
2
5
2
4
12
16
12
19
17
12
7
14
7
17
17
5
5
3
14
2
17
13
10
17
3
19
2
15
11
15
17
18
5
3
14
13
19
13
20
11
3
8
13
8
10
14
20
14
8
9
18
18
2
20
15
18
17
4
14
12
6
5
12
16
10
7
13
13
2
13
8
14
20
20
5
17
2
14
17
5
18
20
10
2
13
16
4
17
13
4
5
5
5
9
2
13
18
3
8
2
2
14
4
15
11
5
4
3
16
7
20
10
8
6
11
2
12
17
11
16
19
10
2
14
2
12
17
11
18
12
10
8
5
17
20
2
11
14
17
3
7
15
16
8
14
6
9
9
3
8
8
20
16
19
3
16
2
10
13
3
20
3
5
2
7
17
11
8
13
12
10
16
11
19
8
14
11
19
11
8
8
18
3
9
6
20
20
9
9
18
11
12
16
15
6
2
10
4
11
18
2
17
10
19
11
8
19
2
3
8
14
17
12
6
6
18
3
9
11
17
20
4
9
11
13
14
16
19
19
13
10
19
6
11
9
20
17
17
2
19
19
13
5
5
2
13
4
3
2
11
15
2
11
4
12
4
18
7
7
19
3
12
17
9
16
7
3
15
18
11
14
9
14
12
7
15
14
5
9
15
18
17
14
3
4
7
10
10
8
9
3
20
7
12
4
13
3
9
5
18
18
EOF
